33333333333333333333333333333333333
33333333333333333333333333333333333
33333333333333333333333333333333333
33333333333333333333333333333333333
33333333333333333333333333333333333
33333333333333333313333333333333333
33333333333333333333333333333333333
33333303333333333333333333333333333
33333333333333333333333333333333333
33333333333333333333333333333333333
33333333333333333333333333333333333
33333333333333333333333333333333333
33333333333333333333333333333333333
33333333333333333333333333333333333
33333333333333333333333333333333333
33333333333333333333333333333333333
33333333333333333333333333333333333
33333333333333333333333333333333333